 measurement=2.000000 
 diffraction_efficiencies_c=1.000000 
 studying_order=0.000000 
 minimum_wavelength=0.780000 
 maximum_wavelength=0.800000 
 step=0.000200 
 number_of_orders=41.000000 
 theta0=0.000000 
 n1=1.000000-0.000000*j 
 n3=3.780000-0.000000*j 
 ng=1.000000-0.000000*j 
 nr=0.220000-6.710000*j 
 polarization=0.000000 
 faktorization=1.000000 
 Lambda=0.524000 
 thickness_total=2.113726 
 grating=10.000000 
 number_of_layers=4.000000 
 psi0=0.000000 
 phi0=90.000000 